function folders = Berkeleyfolders
  folders= [
	  "2010-03-05_B101"
	  "2010-1-23_B01"
	  "2010-11-01_B102"
	  "2010-12-21_B01"
	  "2010-2-10_B101"
	  "2010-4-29_B102"
	  "2010-6-01_B102"
	  "2011-7-11_B102"
	  "2011-7-12_B01"
	  "2012-4-2_B101"
	  "2014-5-13_B101"
  ];
end